A C D E F G H I K L M N P Q R S T V W Y X
A 5 -4 -4 -4 -4 -4 -4 -4 -4 -4 -4 -4 -4 -4 -4 -4 -4 -4 -4 -4 0
C -4 5 -4 -4 -4 -4 -4 -4 -4 -4 -4 -4 -4 -4 -4 -4 -4 -4 -4 -4 0
D -4 -4 5 -4 -4 -4 -4 -4 -4 -4 -4 -4 -4 -4 -4 -4 -4 -4 -4 -4 0
E -4 -4 -4 5 -4 -4 -4 -4 -4 -4 -4 -4 -4 -4 -4 -4 -4 -4 -4 -4 0
F -4 -4 -4 -4 5 -4 -4 -4 -4 -4 -4 -4 -4 -4 -4 -4 -4 -4 -4 -4 0
G -4 -4 -4 -4 -4 5 -4 -4 -4 -4 -4 -4 -4 -4 -4 -4 -4 -4 -4 -4 0
H -4 -4 -4 -4 -4 -4 5 -4 -4 -4 -4 -4 -4 -4 -4 -4 -4 -4 -4 -4 0
I -4 -4 -4 -4 -4 -4 -4 5 -4 -4 -4 -4 -4 -4 -4 -4 -4 -4 -4 -4 0
K -4 -4 -4 -4 -4 -4 -4 -4 5 -4 -4 -4 -4 -4 -4 -4 -4 -4 -4 -4 0
L -4 -4 -4 -4 -4 -4 -4 -4 -4 5 -4 -4 -4 -4 -4 -4 -4 -4 -4 -4 0
M -4 -4 -4 -4 -4 -4 -4 -4 -4 -4 5 -4 -4 -4 -4 -4 -4 -4 -4 -4 0
N -4 -4 -4 -4 -4 -4 -4 -4 -4 -4 -4 5 -4 -4 -4 -4 -4 -4 -4 -4 0
P -4 -4 -4 -4 -4 -4 -4 -4 -4 -4 -4 -4 5 -4 -4 -4 -4 -4 -4 -4 0
Q -4 -4 -4 -4 -4 -4 -4 -4 -4 -4 -4 -4 -4 5 -4 -4 -4 -4 -4 -4 0
R -4 -4 -4 -4 -4 -4 -4 -4 -4 -4 -4 -4 -4 -4 5 -4 -4 -4 -4 -4 0
S -4 -4 -4 -4 -4 -4 -4 -4 -4 -4 -4 -4 -4 -4 -4 5 -4 -4 -4 -4 0
T -4 -4 -4 -4 -4 -4 -4 -4 -4 -4 -4 -4 -4 -4 -4 -4 5 -4 -4 -4 0
V -4 -4 -4 -4 -4 -4 -4 -4 -4 -4 -4 -4 -4 -4 -4 -4 -4 5 -4 -4 0
W -4 -4 -4 -4 -4 -4 -4 -4 -4 -4 -4 -4 -4 -4 -4 -4 -4 -4 5 -4 0
Y -4 -4 -4 -4 -4 -4 -4 -4 -4 -4 -4 -4 -4 -4 -4 -4 -4 -4 -4 5 0
X 0 0 0 0 0 0 0 0 0 0 0 0 0 0 0 0 0 0 0 0 0
